Pintadas: 7,13,2,3,1,15,10,4,13,6,8,9,15,9,10,3,5,0,3,10,7,8,14,9,4,12,11,8,
Seleccionadas: 2,3,7,13,4,1,10,15,6,9,8,5,0,14,11,12,
Inicio de partida: 2014/12/16 11:33:33

Pintadas: 11,12,4,10,9,0,10,3,13,3,14,6,1,15,5,3,10,8,15,11,8,7,3,4,15,2,7,8,
Seleccionadas: 4,12,10,11,9,0,3,6,13,14,15,1,5,8,7,2,
Inicio de partida: 2014/12/16 16:34:45

Pintadas: 6,4,2,11,9,8,1,2,4,5,14,13,8,1,7,4,2,1,10,6,10,3,12,7,12,0,15,3,
Seleccionadas: 2,6,11,4,1,9,8,5,13,14,7,10,12,3,0,15,
Inicio de partida: 2014/12/16 19:38:01

Pintadas: 10,13,2,8,5,9,4,10,13,12,10,15,7,15,9,6,5,11,3,9,2,4,1,3,6,0,15,8,11,8,7,5,14,2,12,11,
Seleccionadas: 2,10,13,8,4,5,9,15,12,6,7,11,3,1,0,14,
Inicio de partida: 2014/12/16 20:10:51

Pintadas: 14,23,6,4,13,13,5,22,20,16,12,18,19,21,20,17,8,2,22,24,6,7,20,4,14,4,0,18,16,13,17,15,10,8,5,18,11,6,24,22,5,18,14,15,12,24,1,15,3,18,16,4,9,15,6,
Seleccionadas: 6,13,14,4,23,22,16,20,5,12,18,19,21,24,17,8,2,7,15,10,11,3,1,9,
Inicio de partida: 2014/12/16 20:14:56

Nivel: 8
Pintadas: 63,24,32,51,62,38,34,0,31,59,2,24,15,13,3,47,61,32,57,36,25,56,37,48,25,63,4,42,26,8,6,18,56,9,28,7,20,55,19,0,11,18,22,40,44,41,38,54,31,14,60,10,21,36,17,43,58,60,53,0,49,52,12,47,39,42,21,33,50,5,0,16,31,45,3,7,1,28,4,52,24,30,53,27,23,45,29,34,7,14,18,40,43,35,52,23,15,46,56,5,20,44,63,33,
Seleccionadas: 0,24,32,34,51,38,62,63,47,31,15,13,3,2,59,57,56,48,25,36,37,61,42,26,18,8,4,6,7,9,19,20,28,55,40,41,11,44,22,54,60,43,17,10,21,14,12,49,58,52,53,50,33,16,5,39,1,45,27,29,30,23,35,46,
Inicio de partida: 2014/12/16 20:17:22

Nivel: 7
Pintadas: 15,37,30,35,46,6,2,41,46,32,39,20,31,10,
Seleccionadas: 2,15,30,37,35,46,6,20,10,32,31,39,41,
Inicio de partida: 2014/12/16 20:36:50

Nivel: 7
Pintadas: 31,14,25,41,21,4,16,17,28,20,23,9,37,42,12,47,37,29,13,20,35,
Seleccionadas: 4,14,21,16,25,31,41,20,9,17,23,37,28,42,35,29,
Inicio de partida: 2014/12/16 20:42:02

Nivel: 4
Pintadas: 10,13,6,3,13,14,3,7,
Seleccionadas: 3,6,10,13,14,
Inicio de partida: 2014/12/16 20:46:39

Nivel: 4
Pintadas: 12,7,15,4,0,3,13,15,
Seleccionadas: 7,15,4,12,0,3,
Inicio de partida: 2014/12/16 20:48:14

Nivel: 8
Pintadas: 29,41,47,16,35,26,21,60,53,8,14,56,25,27,23,13,33,59,1,9,27,2,55,37,
Seleccionadas: 21,29,26,16,35,41,60,47,8,25,27,13,14,23,53,56,
Inicio de partida: 2014/12/16 20:49:10

Nivel: 4
Pintadas: 8,0,6,13,9,3,14,7,6,7,11,2,11,10,15,0,
Seleccionadas: 0,3,7,9,14,2,6,11,10,
Inicio de partida: 2014/12/17 14:23:28

Nivel: 4
Pintadas: 11,1,0,4,3,6,7,9,8,9,6,14,
Seleccionadas: 1,0,4,11,3,7,6,9,
Inicio de partida: 2014/12/17 14:24:09

Nivel: 4
Pintadas: 7,8,1,10,14,9,5,12,8,0,11,5,
Seleccionadas: 1,8,10,7,5,9,12,14,11,
Inicio de partida: 2014/12/17 14:24:43

Nivel: 4
Pintadas: 15,10,3,5,2,4,8,13,3,11,12,1,14,10,7,13,
Seleccionadas: 3,5,10,15,2,4,8,13,1,11,12,14,7,
Inicio de partida: 2014/12/17 14:25:13

Nivel: 4
Pintadas: 6,12,8,3,11,8,7,15,6,15,0,2,
Seleccionadas: 3,6,8,12,7,11,15,0,
Inicio de partida: 2014/12/17 14:25:56

Nivel: 4
Pintadas: 3,11,9,8,6,4,12,2,2,10,11,7,
Seleccionadas: 3,11,9,8,4,12,6,2,
Inicio de partida: 2014/12/17 14:26:29

Nivel: 4
Pintadas: 10,15,1,4,12,4,11,9,13,3,1,14,15,0,7,6,14,5,11,2,8,13,4,12,
Seleccionadas: 1,4,10,15,9,12,11,3,13,14,0,7,5,
Inicio de partida: 2014/12/17 14:26:59

Nivel: 4
Pintadas: 10,15,1,4,12,4,11,9,13,3,1,14,15,0,7,6,14,5,11,2,8,13,4,12,
Seleccionadas: 1,4,10,15,9,12,11,3,13,14,0,7,5,
Inicio de partida: 2014/12/17 14:26:59

Nivel: 4
Pintadas: 9,6,5,8,0,3,10,11,8,1,7,15,13,0,2,5,14,4,11,10,1,15,12,14,
Seleccionadas: ,
Inicio de partida: 2014/12/17 14:27:57

Nivel: 4
Pintadas: 9,6,5,8,0,3,10,11,8,1,7,15,13,0,2,5,14,4,11,10,1,15,12,14,
Seleccionadas: ,
Inicio de partida: 2014/12/17 14:27:57

Nivel: 4
Pintadas: 5,10,7,11,11,4,9,1,
Seleccionadas: 5,10,11,
Inicio de partida: 2014/12/20 14:23:28

Nivel: 8
Pintadas: 23,37,22,40,10,44,31,15,19,27,7,37,51,4,1,36,48,7,62,49,20,18,47,63,47,55,56,3,45,33,25,9,
Seleccionadas: 4,19,27,36,37,51,1,7,20,18,47,63,49,48,56,
Inicio de partida: 2014/12/20 14:24:05

